//四則運算
1. 3
2. 16.5000000000000000000000000000000000000000000000000000000000000000000000000000000000000000000000000000
3. 0
4. 1

//冪次運算
1. 209399736199540509432538759737087149731565211754485622050728876857012816057865558586469671557742974667080275905145153605660558922235128454509610927079953599397662532418811789246415987650538408509364055192556170762109773188842751228502214362080078204091963715408678804723335504290344578211824712907846604415321071008062092530019963663086978988249170985533155011330046256644336040429342152152881621788866379776
2. 11111.1110605555554405416661433534692458784098601343510714585706752514714794963667365791362863620802757099
3. 63.9999999999999999999999999999999999999999999999999999999999999999999999999999999999999999999999999936

//階乘運算
1. 93326215443944152681699238856266700490715968264381621468592963895217599993229915608941463976156518286253697920827223758251185210916864000000000000000000000000
2. 850478588567862317521167644239926010288584608120796235886430763388588680378079017697280000000000000000
3. 6689502913449127057588118054090372586752746333138029810295671352301633557244962989366874165271984981308157637893214090552534408589408121859898481114389650005964960521256960000000000000000000000000000

//計算小數功能
1. -3.0000000000000000000000000000000000000000000000000000000000000000000000000000000000000000000000000000
2. 0.33333 … 3 //100個3
3. 2.8284271247461900976033774484193961571393437507538961463533594759814649569242140777007750686552831454
4. 2.0000000000000000000000000000000000000000000000000000000000000000000000000000000000000000000000000000

//變數功能
1. 2
2. 0.0813008130081300813008130081300813008130081300813008130081300813008130081300813008130081300813008130